28
2 5
5 6 5 5 6
7 7 7 7 7
2 5
5 6 5 5 6
4 4 4 4 3
2 5
5 6 5 5 6
4 4 4 4 4
2 5
5 6 6 6 6
4 4 4 4 4
2 5
5 6 5 5 6
4 4 4 4 5
2 5
5 6 5 5 6
4 4 4 4 6
2 5
5 6 5 5 6
4 4 4 4 7
3 3
1 1 1
1 1 1
2 2 2
3 3
1 1 2
1 1 2
1 1 2
3 3
1 1 2
1 1 2
2 2 2
3 3
2 1 2
1 1 1
2 1 2
5 5
2 2 1 2 2
2 2 1 2 2
1 1 1 1 1
2 2 1 2 2
2 2 1 2 2
5 5
2 2 1 2 2
2 1 1 1 2
1 1 1 1 1
2 1 1 1 2
2 2 1 2 2
5 5
2 2 1 2 2
2 1 1 1 2
1 1 1 1 1
2 0 1 1 2
2 2 1 2 2
5 5
2 2 1 0 2
2 2 1 0 2
1 1 1 0 1
2 2 1 0 2
2 2 1 0 2
5 5
2 2 1 0 2
2 2 1 0 2
1 1 1 0 1
2 2 1 0 2
2 2 1 1 2
5 5
2 2 1 0 2
2 2 1 0 2
1 1 1 0 1
2 2 1 0 2
1 2 1 0 2
5 5
2 2 1 0 2
2 2 1 0 2
1 1 1 0 1
2 2 1 0 2
1 1 1 0 2
2 5
5 5 4 3 2
6 5 4 3 2
2 5
5 5 4 3 7
6 5 4 3 7
2 5
6 5 4 3 7
6 5 4 3 7
5 5
2 2 2 2 2
2 2 2 2 2
2 2 9 2 2
2 2 2 2 2
2 2 2 2 2
5 5
2 2 2 2 2
2 2 2 2 2
2 2 1 2 2
2 2 2 2 2
2 2 2 2 2
5 5
2 2 2 2 2
2 2 2 2 2
2 2 2 2 2
2 9 2 2 2
2 2 2 2 2
5 5
2 2 2 2 2
2 2 2 2 2
2 2 2 2 2
2 1 2 2 2
2 2 2 2 2
5 5
2 2 2 2 2
2 2 1 2 2
2 1 9 1 2
2 2 1 2 2
2 2 2 2 2
5 5
2 2 2 2 2
2 2 1 2 2
1 1 9 1 1
2 2 1 2 2
2 2 2 2 2
5 5
2 2 2 2 2
2 1 1 1 2
2 1 9 1 2
2 1 1 1 2
2 2 2 2 2